# Created by Octave 3.8.1, Fri Jul 11 04:31:55 2014 PDT <jirka@ubuntu>
# name: v
# type: matrix
# rows: 1
# columns: 10
 -10.83780041739298 -0.9733070744864811 -6.705052284400173 -0.4312026507187605 -2.035282681537685 -3.262936554493631 -6.623784718759357 -4.386589030885828 -12.29955192896447 -7.01209205376533


